,day,month,measured_datatype,value,flague
0,1,01,TMAX,9999,   
1,2,01,TMAX,9999,   
2,3,01,TMAX,9999,   
3,4,01,TMAX,9999,   
4,5,01,TMAX,9999,   
5,6,01,TMAX,9999,   
6,7,01,TMAX,9999,   
7,8,01,TMAX,9999,   
8,9,01,TMAX,9999,   
9,10,01,TMAX,9999,   
10,11,01,TMAX,9999,   
11,12,01,TMAX,9999,   
12,13,01,TMAX,9999,   
13,14,01,TMAX,9999,   
14,15,01,TMAX,9999,   
15,16,01,TMAX,9999,   
16,17,01,TMAX,9999,   
17,18,01,TMAX,9999,   
18,19,01,TMAX,9999,   
19,20,01,TMAX,9999,   
20,21,01,TMAX,9999,   
21,22,01,TMAX,9999,   
22,23,01,TMAX,9999,   
23,24,01,TMAX,9999,   
24,25,01,TMAX,9999,   
25,26,01,TMAX,9999,   
26,27,01,TMAX,9999,   
27,28,01,TMAX,9999,   
28,29,01,TMAX,9999,   
29,30,01,TMAX, 278,  S
30,31,01,TMAX,9999,   
31,1,01,TMIN,9999,   
32,2,01,TMIN,9999,   
33,3,01,TMIN,9999,   
34,4,01,TMIN,9999,   
35,5,01,TMIN,9999,   
36,6,01,TMIN,9999,   
37,7,01,TMIN,9999,   
38,8,01,TMIN,9999,   
39,9,01,TMIN,9999,   
40,10,01,TMIN,9999,   
41,11,01,TMIN,9999,   
42,12,01,TMIN,9999,   
43,13,01,TMIN,9999,   
44,14,01,TMIN,9999,   
45,15,01,TMIN,9999,   
46,16,01,TMIN,9999,   
47,17,01,TMIN,9999,   
48,18,01,TMIN,9999,   
49,19,01,TMIN,9999,   
50,20,01,TMIN,9999,   
51,21,01,TMIN,9999,   
52,22,01,TMIN,9999,   
53,23,01,TMIN,9999,   
54,24,01,TMIN,9999,   
55,25,01,TMIN,9999,   
56,26,01,TMIN,9999,   
57,27,01,TMIN,9999,   
58,28,01,TMIN,9999,   
59,29,01,TMIN,9999,   
60,30,01,TMIN, 145,  S
61,31,01,TMIN,9999,   
62,1,01,PRCP,9999,   
63,2,01,PRCP,9999,   
64,3,01,PRCP,9999,   
65,4,01,PRCP,9999,   
66,5,01,PRCP,   0,  S
67,6,01,PRCP,9999,   
68,7,01,PRCP,   0,  S
69,8,01,PRCP,9999,   
70,9,01,PRCP,9999,   
71,10,01,PRCP,9999,   
72,11,01,PRCP,9999,   
73,12,01,PRCP,   0,  S
74,13,01,PRCP,9999,   
75,14,01,PRCP,   0,  S
76,15,01,PRCP,   0,  S
77,16,01,PRCP,9999,   
78,17,01,PRCP,9999,   
79,18,01,PRCP,   0,  S
80,19,01,PRCP,   0,  S
81,20,01,PRCP,   0,  S
82,21,01,PRCP,   0,  S
83,22,01,PRCP,   0,  S
84,23,01,PRCP,   0,  S
85,24,01,PRCP,9999,   
86,25,01,PRCP,   0,  S
87,26,01,PRCP,   0,  S
88,27,01,PRCP,   0,  S
89,28,01,PRCP,   0,  S
90,29,01,PRCP,   0,  S
91,30,01,PRCP,   0,  S
92,31,01,PRCP,9999,   
93,1,02,TMAX,9999,   
94,2,02,TMAX, 273,  S
95,3,02,TMAX, 241,  S
96,4,02,TMAX,9999,   
97,5,02,TMAX,9999,   
98,6,02,TMAX,9999,   
99,7,02,TMAX,9999,   
100,8,02,TMAX,9999,   
101,9,02,TMAX,9999,   
102,10,02,TMAX,9999,   
103,11,02,TMAX, 297,  S
104,12,02,TMAX,9999,   
105,13,02,TMAX,9999,   
106,14,02,TMAX,9999,   
107,15,02,TMAX,9999,   
108,16,02,TMAX,9999,   
109,17,02,TMAX,9999,   
110,18,02,TMAX,9999,   
111,19,02,TMAX,9999,   
112,20,02,TMAX,9999,   
113,21,02,TMAX,9999,   
114,22,02,TMAX,9999,   
115,23,02,TMAX, 299,  S
116,24,02,TMAX,9999,   
117,25,02,TMAX,9999,   
118,26,02,TMAX,9999,   
119,27,02,TMAX,9999,   
120,28,02,TMAX,9999,   
121,29,02,TMAX,9999,   
122,30,02,TMAX,9999,   
123,31,02,TMAX,9999,   
124,1,02,TMIN,9999,   
125,2,02,TMIN, 144,  S
126,3,02,TMIN, 144,  S
127,4,02,TMIN,9999,   
128,5,02,TMIN,9999,   
129,6,02,TMIN,9999,   
130,7,02,TMIN,9999,   
131,8,02,TMIN,9999,   
132,9,02,TMIN,9999,   
133,10,02,TMIN,9999,   
134,11,02,TMIN, 134,  S
135,12,02,TMIN,9999,   
136,13,02,TMIN,9999,   
137,14,02,TMIN,9999,   
138,15,02,TMIN,9999,   
139,16,02,TMIN,9999,   
140,17,02,TMIN,9999,   
141,18,02,TMIN,9999,   
142,19,02,TMIN,9999,   
143,20,02,TMIN,9999,   
144,21,02,TMIN,9999,   
145,22,02,TMIN,9999,   
146,23,02,TMIN, 107,  S
147,24,02,TMIN,9999,   
148,25,02,TMIN,9999,   
149,26,02,TMIN,9999,   
150,27,02,TMIN,9999,   
151,28,02,TMIN,9999,   
152,29,02,TMIN,9999,   
153,30,02,TMIN,9999,   
154,31,02,TMIN,9999,   
155,1,02,PRCP,9999,   
156,2,02,PRCP,   0,  S
157,3,02,PRCP,   0,  S
158,4,02,PRCP,9999,   
159,5,02,PRCP,9999,   
160,6,02,PRCP,   0,  S
161,7,02,PRCP,   0,  S
162,8,02,PRCP,9999,   
163,9,02,PRCP,   0,  S
164,10,02,PRCP,9999,   
165,11,02,PRCP,   0,  S
166,12,02,PRCP,9999,   
167,13,02,PRCP,   0,  S
168,14,02,PRCP,9999,   
169,15,02,PRCP,9999,   
170,16,02,PRCP,9999,   
171,17,02,PRCP,9999,   
172,18,02,PRCP,9999,   
173,19,02,PRCP,9999,   
174,20,02,PRCP,   0,  S
175,21,02,PRCP,9999,   
176,22,02,PRCP,9999,   
177,23,02,PRCP,   0,  S
178,24,02,PRCP,9999,   
179,25,02,PRCP,   0,  S
180,26,02,PRCP,9999,   
181,27,02,PRCP,9999,   
182,28,02,PRCP,9999,   
183,29,02,PRCP,9999,   
184,30,02,PRCP,9999,   
185,31,02,PRCP,9999,   
186,1,03,TMAX,9999,   
187,2,03,TMAX,9999,   
188,3,03,TMAX,9999,   
189,4,03,TMAX,9999,   
190,5,03,TMAX, 321,  S
191,6,03,TMAX,9999,   
192,7,03,TMAX,9999,   
193,8,03,TMAX,9999,   
194,9,03,TMAX,9999,   
195,10,03,TMAX, 345,  S
196,11,03,TMAX,9999,   
197,12,03,TMAX,9999,   
198,13,03,TMAX,9999,   
199,14,03,TMAX,9999,   
200,15,03,TMAX,9999,   
201,16,03,TMAX, 311,  S
202,17,03,TMAX,9999,   
203,18,03,TMAX,9999,   
204,19,03,TMAX,9999,   
205,20,03,TMAX,9999,   
206,21,03,TMAX,9999,   
207,22,03,TMAX,9999,   
208,23,03,TMAX,9999,   
209,24,03,TMAX,9999,   
210,25,03,TMAX,9999,   
211,26,03,TMAX,9999,   
212,27,03,TMAX,9999,   
213,28,03,TMAX,9999,   
214,29,03,TMAX,9999,   
215,30,03,TMAX,9999,   
216,31,03,TMAX,9999,   
217,1,03,TMIN,9999,   
218,2,03,TMIN,9999,   
219,3,03,TMIN,9999,   
220,4,03,TMIN,9999,   
221,5,03,TMIN, 142,  S
222,6,03,TMIN,9999,   
223,7,03,TMIN,9999,   
224,8,03,TMIN,9999,   
225,9,03,TMIN,9999,   
226,10,03,TMIN, 168,  S
227,11,03,TMIN,9999,   
228,12,03,TMIN,9999,   
229,13,03,TMIN,9999,   
230,14,03,TMIN,9999,   
231,15,03,TMIN,9999,   
232,16,03,TMIN, 176,  S
233,17,03,TMIN,9999,   
234,18,03,TMIN,9999,   
235,19,03,TMIN,9999,   
236,20,03,TMIN,9999,   
237,21,03,TMIN,9999,   
238,22,03,TMIN,9999,   
239,23,03,TMIN,9999,   
240,24,03,TMIN,9999,   
241,25,03,TMIN,9999,   
242,26,03,TMIN,9999,   
243,27,03,TMIN,9999,   
244,28,03,TMIN,9999,   
245,29,03,TMIN,9999,   
246,30,03,TMIN,9999,   
247,31,03,TMIN,9999,   
248,1,03,PRCP,9999,   
249,2,03,PRCP,   0,  S
250,3,03,PRCP,9999,   
251,4,03,PRCP,   0,  S
252,5,03,PRCP,   0,  S
253,6,03,PRCP,   0,  S
254,7,03,PRCP,9999,   
255,8,03,PRCP,9999,   
256,9,03,PRCP,   0,  S
257,10,03,PRCP,   0,  S
258,11,03,PRCP,   0,  S
259,12,03,PRCP,   0,  S
260,13,03,PRCP,   0,  S
261,14,03,PRCP,9999,   
262,15,03,PRCP,9999,   
263,16,03,PRCP,   0,  S
264,17,03,PRCP,   0,  S
265,18,03,PRCP,9999,   
266,19,03,PRCP,   0,  S
267,20,03,PRCP,   0,  S
268,21,03,PRCP,9999,   
269,22,03,PRCP,9999,   
270,23,03,PRCP,   0,  S
271,24,03,PRCP,9999,   
272,25,03,PRCP,9999,   
273,26,03,PRCP,   0,  S
274,27,03,PRCP,   0,  S
275,28,03,PRCP,9999,   
276,29,03,PRCP,9999,   
277,30,03,PRCP,   0,  S
278,31,03,PRCP,9999,   
279,1,04,TMAX,9999,   
280,2,04,TMAX,9999,   
281,3,04,TMAX,9999,   
282,4,04,TMAX,9999,   
283,5,04,TMAX,9999,   
284,6,04,TMAX,9999,   
285,7,04,TMAX,9999,   
286,8,04,TMAX,9999,   
287,9,04,TMAX,9999,   
288,10,04,TMAX,9999,   
289,11,04,TMAX,9999,   
290,12,04,TMAX,9999,   
291,13,04,TMAX,9999,   
292,14,04,TMAX,9999,   
293,15,04,TMAX,9999,   
294,16,04,TMAX,9999,   
295,17,04,TMAX,9999,   
296,18,04,TMAX,9999,   
297,19,04,TMAX,9999,   
298,20,04,TMAX,9999,   
299,21,04,TMAX,9999,   
300,22,04,TMAX,9999,   
301,23,04,TMAX,9999,   
302,24,04,TMAX,9999,   
303,25,04,TMAX,9999,   
304,26,04,TMAX,9999,   
305,27,04,TMAX, 363,  S
306,28,04,TMAX,9999,   
307,29,04,TMAX,9999,   
308,30,04,TMAX,9999,   
309,31,04,TMAX,9999,   
310,1,04,TMIN,9999,   
311,2,04,TMIN,9999,   
312,3,04,TMIN,9999,   
313,4,04,TMIN,9999,   
314,5,04,TMIN,9999,   
315,6,04,TMIN,9999,   
316,7,04,TMIN,9999,   
317,8,04,TMIN,9999,   
318,9,04,TMIN,9999,   
319,10,04,TMIN,9999,   
320,11,04,TMIN,9999,   
321,12,04,TMIN,9999,   
322,13,04,TMIN,9999,   
323,14,04,TMIN,9999,   
324,15,04,TMIN,9999,   
325,16,04,TMIN,9999,   
326,17,04,TMIN,9999,   
327,18,04,TMIN,9999,   
328,19,04,TMIN,9999,   
329,20,04,TMIN,9999,   
330,21,04,TMIN,9999,   
331,22,04,TMIN,9999,   
332,23,04,TMIN,9999,   
333,24,04,TMIN,9999,   
334,25,04,TMIN,9999,   
335,26,04,TMIN,9999,   
336,27,04,TMIN, 167,  S
337,28,04,TMIN,9999,   
338,29,04,TMIN,9999,   
339,30,04,TMIN,9999,   
340,31,04,TMIN,9999,   
341,1,04,PRCP,   0,  S
342,2,04,PRCP,9999,   
343,3,04,PRCP,   0,  S
344,4,04,PRCP,9999,   
345,5,04,PRCP,9999,   
346,6,04,PRCP,   0,  S
347,7,04,PRCP,9999,   
348,8,04,PRCP,9999,   
349,9,04,PRCP,9999,   
350,10,04,PRCP,9999,   
351,11,04,PRCP,9999,   
352,12,04,PRCP,9999,   
353,13,04,PRCP,9999,   
354,14,04,PRCP,9999,   
355,15,04,PRCP,9999,   
356,16,04,PRCP,9999,   
357,17,04,PRCP,9999,   
358,18,04,PRCP,9999,   
359,19,04,PRCP,9999,   
360,20,04,PRCP,9999,   
361,21,04,PRCP,9999,   
362,22,04,PRCP,9999,   
363,23,04,PRCP,9999,   
364,24,04,PRCP,9999,   
365,25,04,PRCP,9999,   
366,26,04,PRCP,9999,   
367,27,04,PRCP,   0,  S
368,28,04,PRCP,9999,   
369,29,04,PRCP,9999,   
370,30,04,PRCP,   0,  S
371,31,04,PRCP,9999,   
372,1,05,TMAX,9999,   
373,2,05,TMAX,9999,   
374,3,05,TMAX,9999,   
375,4,05,TMAX,9999,   
376,5,05,TMAX,9999,   
377,6,05,TMAX,9999,   
378,7,05,TMAX,9999,   
379,8,05,TMAX,9999,   
380,9,05,TMAX,9999,   
381,10,05,TMAX,9999,   
382,11,05,TMAX,9999,   
383,12,05,TMAX,9999,   
384,13,05,TMAX,9999,   
385,14,05,TMAX,9999,   
386,15,05,TMAX,9999,   
387,16,05,TMAX,9999,   
388,17,05,TMAX,9999,   
389,18,05,TMAX,9999,   
390,19,05,TMAX,9999,   
391,20,05,TMAX,9999,   
392,21,05,TMAX,9999,   
393,22,05,TMAX,9999,   
394,23,05,TMAX,9999,   
395,24,05,TMAX,9999,   
396,25,05,TMAX,9999,   
397,26,05,TMAX,9999,   
398,27,05,TMAX, 332,  S
399,28,05,TMAX,9999,   
400,29,05,TMAX,9999,   
401,30,05,TMAX,9999,   
402,31,05,TMAX,9999,   
403,1,05,TMIN,9999,   
404,2,05,TMIN,9999,   
405,3,05,TMIN,9999,   
406,4,05,TMIN,9999,   
407,5,05,TMIN,9999,   
408,6,05,TMIN,9999,   
409,7,05,TMIN,9999,   
410,8,05,TMIN,9999,   
411,9,05,TMIN,9999,   
412,10,05,TMIN,9999,   
413,11,05,TMIN,9999,   
414,12,05,TMIN,9999,   
415,13,05,TMIN,9999,   
416,14,05,TMIN,9999,   
417,15,05,TMIN,9999,   
418,16,05,TMIN,9999,   
419,17,05,TMIN,9999,   
420,18,05,TMIN,9999,   
421,19,05,TMIN,9999,   
422,20,05,TMIN,9999,   
423,21,05,TMIN,9999,   
424,22,05,TMIN,9999,   
425,23,05,TMIN,9999,   
426,24,05,TMIN,9999,   
427,25,05,TMIN,9999,   
428,26,05,TMIN,9999,   
429,27,05,TMIN, 182,  S
430,28,05,TMIN,9999,   
431,29,05,TMIN,9999,   
432,30,05,TMIN,9999,   
433,31,05,TMIN,9999,   
434,1,05,PRCP,9999,   
435,2,05,PRCP,9999,   
436,3,05,PRCP,9999,   
437,4,05,PRCP,   0,  S
438,5,05,PRCP,9999,   
439,6,05,PRCP,   0,  S
440,7,05,PRCP,9999,   
441,8,05,PRCP,   0,  S
442,9,05,PRCP,9999,   
443,10,05,PRCP,9999,   
444,11,05,PRCP,   0,  S
445,12,05,PRCP,9999,   
446,13,05,PRCP,   0,  S
447,14,05,PRCP,9999,   
448,15,05,PRCP,9999,   
449,16,05,PRCP,9999,   
450,17,05,PRCP,9999,   
451,18,05,PRCP,   0,  S
452,19,05,PRCP,9999,   
453,20,05,PRCP,   0,  S
454,21,05,PRCP,9999,   
455,22,05,PRCP,9999,   
456,23,05,PRCP,9999,   
457,24,05,PRCP,9999,   
458,25,05,PRCP,9999,   
459,26,05,PRCP,9999,   
460,27,05,PRCP,   0,  S
461,28,05,PRCP,9999,   
462,29,05,PRCP,  25,  S
463,30,05,PRCP,   0,  S
464,31,05,PRCP,9999,   
